# Created on: 2025-12-11 13:51:03
#=======================================================================================================================================
# Surface | Stop flag | Radius of curvature (mm) | Thickness (mm) | index of refraction n_d | Abbe number V_d | clear semidiameter (mm)
#=======================================================================================================================================
    0          0                      inf         1.00000000e+01         1.00000000e+00        -1.00000000e+00         1.00000000e+00     
    1          0                      inf         1.30000000e+00         1.00000000e+00        -1.00000000e+00         8.93288092e-01     
    2          0           1.73570000e+01         2.60400000e+00         1.48750000e+00        -1.00000000e+00         8.79177783e-01     
    3          0          -2.17450000e+01         2.00000000e-01         1.00000000e+00        -1.00000000e+00         8.18125958e-01     
    4          1                      inf         0.00000000e+00         1.00000000e+00                    inf         8.13509415e-01     
    5          0           5.97600000e+00         2.63800000e+00         1.54810000e+00        -1.00000000e+00         8.19416724e-01     
    6          0           3.06300000e+00         1.83100000e+00         1.00000000e+00        -1.00000000e+00         8.67507747e-01     
    7          0          -3.01500000e+00         3.90300000e+00         1.67270000e+00        -1.00000000e+00         1.16036245e+00     
    8          0           1.87450000e+01         2.93600000e+00         1.48750000e+00        -1.00000000e+00         2.37763841e+00     
    9          0          -5.87800000e+00         2.00000000e-01         1.00000000e+00        -1.00000000e+00         3.04200942e+00     
   10          0           5.91870000e+01         7.00000000e-01         1.61340000e+00        -1.00000000e+00         3.30117989e+00     
   11          0           8.38800000e+00         2.52500000e+00         1.43700000e+00        -1.00000000e+00         3.45880770e+00     
   12          0          -1.73290000e+01         2.00000000e-01         1.00000000e+00        -1.00000000e+00         3.72496802e+00     
   13          0           1.28340000e+01         1.95800000e+00         1.43700000e+00        -1.00000000e+00         3.94882648e+00     
   14          0          -3.04590000e+01         2.00000000e-01         1.00000000e+00        -1.00000000e+00         3.97348301e+00     
   15          0           1.07660000e+01         1.95200000e+00         1.48750000e+00        -1.00000000e+00         3.94381127e+00     
   16          0          -2.65990000e+01         2.00000000e-01         1.00000000e+00        -1.00000000e+00         3.81086086e+00     
   17          0           4.31100000e+00         2.15000000e+00         1.56380000e+00        -1.00000000e+00         3.23503870e+00     
   18          0           6.00300000e+00         4.66500000e+00         1.00000000e+00        -1.00000000e+00         2.54563945e+00     
   19          0                      inf         0.00000000e+00         1.00000000e+00        -1.00000000e+00         1.95621710e-01     
