# Created on: 2025-12-19 23:09:03
#=======================================================================================================================================
# Surface | Stop flag | Radius of curvature (mm) | Thickness (mm) | index of refraction n_d | Abbe number V_d | clear semidiameter (mm)
#=======================================================================================================================================
    0          0                      inf         1.00000000e+02         1.00000000e+00                    inf         0.00000000e+00     
    1          0           2.29445000e+02         2.16760000e+01         1.51850000e+00         6.02600000e+01         0.00000000e+00     
    2          1          -2.96160000e+01         3.48400000e+00         1.61660000e+00         3.66280000e+01         0.00000000e+00     
    3          0          -1.12439000e+02         4.65090000e+01         1.00000000e+00                    inf         0.00000000e+00     
    4          0           5.48720000e+01         1.73610000e+01         1.51680000e+00         6.41670000e+01         0.00000000e+00     
    5          0          -4.51000000e+01         3.48400000e+00         1.62000000e+00         3.63660000e+01         0.00000000e+00     
    6          0          -9.82590000e+01         3.94000000e+01         1.00000000e+00                    inf         0.00000000e+00     
    7          0          -2.74600000e+01         1.97000000e+00         1.62000000e+00         3.63660000e+01         0.00000000e+00     
    8          0          -3.70080000e+01         9.08170000e+01         1.00000000e+00                    inf         0.00000000e+00     
    9          0                      inf         0.00000000e+00         0.00000000e+00         0.00000000e+00         0.00000000e+00     
