# Created on: 2025-09-12 12:18:34
#===================================================================================================================================
# Surface | Stop flag | Radius of curvature (mm) | Thickness (mm) | index of refraction n_d | Abbe number V_d | clear diameter (mm)
#===================================================================================================================================
    0          0                      inf                 100000         1.00000000e+00                    inf         0.00000000e+00     
    1          0           9.16690000e+01         2.16760000e+01         1.51850000e+00         6.02600000e+01         2.80000000e+01     
    2          0          -6.01880000e+01         3.48400000e+00         1.61660000e+00         3.66280000e+01         2.80000000e+01     
    3          1           3.97261900e+03         7.65090000e+01         1.00000000e+00                    inf         2.80000000e+01     
    4          0           3.52070000e+01         1.73610000e+01         1.51680000e+00         6.41670000e+01         2.40000000e+01     
    5          0          -5.88250000e+01         3.48400000e+00         1.62000000e+00         3.63660000e+01         2.40000000e+01     
    6          0          -1.66141000e+02         1.94000000e+01         1.00000000e+00                    inf         2.40000000e+01     
    7          0          -2.77830000e+01         1.97000000e+00         1.62000000e+00         3.63660000e+01         1.60000000e+01     
    8          0           1.00000000e+06         1.52380000e+01         1.00000000e+00                    inf         1.60000000e+01     
    9          0                      inf         0.00000000e+00         0.00000000e+00         0.00000000e+00         6.99300000e+00     
