# Created on: 2025-12-16 22:26:16
#=======================================================================================================================================
# Surface | Stop flag | Radius of curvature (mm) | Thickness (mm) | index of refraction n_d | Abbe number V_d | clear semidiameter (mm)
#=======================================================================================================================================
    0          0                      inf         2.50000000e+02         1.00000000e+00                    inf         0.00000000e+00     
    1          0           3.04310000e+02         7.00000000e+00         1.56380000e+00                    inf         0.00000000e+00     
    2          0          -8.30330000e+01         3.00000000e+00         1.66680000e+00                    inf         0.00000000e+00     
    3          0          -1.99594000e+02         2.50000000e+01         1.00000000e+00                    inf         0.00000000e+00     
    4          1                      inf         2.50000000e+01         1.00000000e+00                    inf         0.00000000e+00     
    5          0           1.99594000e+02         3.00000000e+00         1.66680000e+00                    inf         0.00000000e+00     
    6          0           8.30330000e+01         7.00000000e+00         1.56400000e+00                    inf         0.00000000e+00     
    7          0          -3.04310000e+02         2.50000000e+02         1.00000000e+00                    inf         0.00000000e+00     
    8          0                      inf         0.00000000e+00         1.00000000e+00         0.00000000e+00         0.00000000e+00     
