# Surface 	 Stop Flag 	 Radius  [mm] 	 Thickness [mm] 	 n_d 	 Abbe value V_d 	 Clear Aperture Radius [mm] 
# ================================================================================================================
0 	 0 	      inf 	    10.000000 	     1.000000 	    -1.000000 	   0.00000
1 	 0 	      inf 	     1.300000 	     1.000000 	    -1.000000 	   1.38956
2 	 0 	 1.7357e+01 	     2.603960 	     1.486561 	    -1.000000 	   1.44020
3 	 0 	 -2.1745e+01 	     0.200000 	     1.000000 	    -1.000000 	   1.43769
4 	 0 	 5.9761e+00 	     2.637820 	     1.548140 	    -1.000000 	   1.43096
5 	 0 	 3.0634e+00 	     1.830960 	     1.000000 	    -1.000000 	   1.14900
6 	 0 	 -3.0151e+00 	     3.903740 	     1.672697 	    -1.000000 	   1.22363
7 	 0 	 1.8745e+01 	     2.935520 	     1.486561 	    -1.000000 	   1.96454
8 	 0 	 -5.8779e+00 	     0.200000 	     1.000000 	    -1.000000 	   2.63385
9 	 0 	 5.9187e+01 	     0.700000 	     1.613360 	    -1.000000 	   2.65700
10 	 0 	 8.3884e+00 	     2.524560 	     1.437000 	    -1.000000 	   2.69508
11 	 1 	 -1.7329e+01 	     0.200000 	     1.000000 	    -1.000000 	   2.97456
12 	 0 	 1.2834e+01 	     1.957580 	     1.437000 	    -1.000000 	   2.99920
13 	 0 	 -3.0459e+01 	     0.200000 	     1.000000 	    -1.000000 	   3.02703
14 	 0 	 1.0766e+01 	     1.951570 	     1.486561 	    -1.000000 	   3.02243
15 	 0 	 -2.6599e+01 	     0.200000 	     1.000000 	    -1.000000 	   2.81210
16 	 0 	 4.3107e+00 	     2.150030 	     1.563840 	    -1.000000 	   2.76925
17 	 0 	 6.0029e+00 	     3.806186 	     1.000000 	    -1.000000 	   1.94380
18 	 0 	      inf 	    10.000000 	     1.000000 	    -1.000000 	   0.37621
Back Focal Length BFL = 3.7024612430940773 mm
Effective Focal Length EFL = 4.433211115842109 mm
Back Image Distance BID = 4.235502059196374 mm
Total Track Length TTL = 29.301925999999998 mm
